1 0.35 -1.5 0
2 0.247487 -1.5 0.247487
3 0 -1.5 0.35
4 -0.247487 -1.5 0.247487
5 -0.35 -1.5 0
6 -0.247487 -1.5 -0.247487
7 0 -1.5 -0.35
8 0.247487 -1.5 -0.247487
9 0.28 -1.4 0
10 0.19799 -1.4 0.19799
11 0 -1.4 0.28
12 -0.19799 -1.4 0.19799
13 -0.28 -1.4 0
14 -0.19799 -1.4 -0.19799
15 0 -1.4 -0.28
16 0.19799 -1.4 -0.19799
17 0.04 -1.4 0
18 0.028284 -1.4 0.028284
19 0 -1.4 0.04
20 -0.028284 -1.4 0.028284
21 -0.04 -1.4 0
22 -0.028284 -1.4 -0.028284
23 0 -1.4 -0.04
24 0.028284 -1.4 -0.028284
25 0.04 -0.15 0
26 0.028284 -0.15 0.028284
27 0 -0.15 0.04
28 -0.028284 -0.15 0.028284
29 -0.04 -0.15 0
30 -0.028284 -0.15 -0.028284
31 0 -0.15 -0.04
32 0.028284 -0.15 -0.028284
33 0.15 -0.1 -0.2
34 0.106066 -0.043934 -0.2
35 0 0.05 -0.2
36 -0.106066 -0.043934 -0.2
37 -0.15 -0.1 -0.2
38 -0.106066 -0.156066 -0.2
39 0 -0.25 -0.2
40 0.106066 -0.156066 -0.2
41 0.12 -0.1 0.28
42 0.084853 -0.055147 0.28
43 0 0.02 0.28
44 -0.084853 -0.055147 0.28
45 -0.12 -0.1 0.28
46 -0.084853 -0.144853 0.28
47 0 -0.22 0.28
48 0.084853 -0.144853 0.28
49 0.07 -0.1 0.28
50 0.049497 -0.064645 0.28
51 0 -0.03 0.28
52 -0.049497 -0.064645 0.28
53 -0.07 -0.1 0.28
54 -0.049497 -0.135355 0.28
55 0 -0.17 0.28
56 0.049497 -0.135355 0.28
57 0.05 -0.1 0.35
58 0.035355 -0.074645 0.35
59 0 -0.05 0.35
60 -0.035355 -0.074645 0.35
61 -0.05 -0.1 0.35
62 -0.035355 -0.125355 0.35
63 0 -0.15 0.35
64 0.035355 -0.125355 0.35
65 0 -0.1 0.38
66 -0.04 -0.04 0.31
67 0.04 -0.04 0.31
68 -0.09 0.4 0.33
69 0.09 0.4 0.28
70 0 0.43 0.31
71 -0.06 -0.14 0.31
72 -0.06 -0.06 0.31
73 -0.5 -0.19 0.33
74 -0.5 -0.01 0.28
75 -0.53 -0.1 0.31
76 0.04 -0.16 0.31
77 -0.04 -0.16 0.31
78 0.09 -0.6 0.33
79 -0.09 -0.6 0.28
80 0 -0.63 0.31
81 0.06 -0.06 0.31
82 0.06 -0.14 0.31
83 0.5 -0.01 0.33
84 0.5 -0.19 0.28
85 0.53 -0.1 0.31
Faces:
8 7 6 5 4 3 2 1.
1 2 10 9.
2 3 11 10.
3 4 12 11.
4 5 13 12.
5 6 14 13.
6 7 15 14.
7 8 16 15.
8 1 9 16.
9 10 18 17.
10 11 19 18.
11 12 20 19.
12 13 21 20.
13 14 22 21.
14 15 23 22.
15 16 24 23.
16 9 17 24.
17 18 26 25.
18 19 27 26.
19 20 28 27.
20 21 29 28.
21 22 30 29.
22 23 31 30.
23 24 32 31.
24 17 25 32.
25 26 27 28 29 30 31 32.
40 39 38 37 36 35 34 33.
33 34 42 41.
34 35 43 42.
35 36 44 43.
36 37 45 44.
37 38 46 45.
38 39 47 46.
39 40 48 47.
40 33 41 48.
41 42 43 44 45 46 47 48.
56 55 54 53 52 51 50 49.
49 50 58 57.
50 51 59 58.
51 52 60 59.
52 53 61 60.
53 54 62 61.
54 55 63 62.
55 56 64 63.
56 49 57 64.
57 58 65.
58 59 65.
59 60 65.
60 61 65.
61 62 65.
62 63 65.
63 64 65.
64 57 65.
66 67 69 68.
68 69 70.
71 72 74 73.
73 74 75.
76 77 79 78.
78 79 80.
81 82 84 83.
83 84 85.
